[ 4620/14585 8:38:17 < 18:38:24, 0.15 it/s, Epoch 0.32/1]
Step Training Loss
20 0.197600
40 0.202100
60 0.201600
80 0.209900
100 0.208400
120 0.217600
140 0.212900
160 0.203300
180 0.214700
200 0.211500
220 0.210000
240 0.209700
260 0.206200
280 0.200000
300 0.205900
320 0.219300
340 0.210500
360 0.199400
380 0.208800
400 0.200800
420 0.206000
440 0.202700
460 0.212700
480 0.213200
500 0.195900
520 0.207800
540 0.207800
560 0.200300
580 0.204200
600 0.208800
620 0.204600
640 0.197800
660 0.205400
680 0.206500
700 0.208600
720 0.205300
740 0.197000
760 0.201200
780 0.195800
800 0.211200
820 0.200200
840 0.203900
860 0.194300
880 0.201500
900 0.199800
920 0.203700
940 0.198900
960 0.196200
980 0.210000
1000 0.192800
1020 0.189600
1040 0.188100
1060 0.192500
1080 0.205400
1100 0.180800
1120 0.198000
1140 0.200600
1160 0.182600
1180 0.196500
1200 0.207400
1220 0.201100
1240 0.196400
1260 0.198500
1280 0.179500
1300 0.197100
1320 0.192600
1340 0.200700
1360 0.195800
1380 0.190800
1400 0.194800
1420 0.189500
1440 0.193000
1460 0.192100
1480 0.192100
1500 0.190800
1520 0.190500
1540 0.182900
1560 0.196600
1580 0.190400
1600 0.194300
1620 0.193800
1640 0.188900
1660 0.186100
1680 0.195100
1700 0.175800
1720 0.192300
1740 0.177600
1760 0.185700
1780 0.190400
1800 0.181500
1820 0.190300
1840 0.191600
1860 0.187600
1880 0.190800
1900 0.191700
1920 0.193800
1940 0.179400
1960 0.187300
1980 0.182400
2000 0.180200
2020 0.198400
2040 0.184000
2060 0.183100
2080 0.191000
2100 0.181900
2120 0.180300
2140 0.182700
2160 0.180300
2180 0.177700
2200 0.188900
2220 0.186900
2240 0.180900
2260 0.184400
2280 0.181400
2300 0.186600
2320 0.182900
2340 0.185100
2360 0.192600
2380 0.177600
2400 0.184400
2420 0.180800
2440 0.186200
2460 0.183700
2480 0.180000
2500 0.185900
2520 0.180400
2540 0.179900
2560 0.170500
2580 0.180900
2600 0.174200
2620 0.182100
2640 0.178900
2660 0.171900
2680 0.177900
2700 0.174000
2720 0.167500
2740 0.170300
2760 0.167800
2780 0.173300
2800 0.170200
2820 0.171600
2840 0.176300
2860 0.164400
2880 0.163200
2900 0.165800
2920 0.170900
2940 0.154900
2960 0.164100
2980 0.147600
3000 0.146100
3020 0.168200
3040 0.157000
3060 0.159000
3080 0.160400
3100 0.151500
3120 0.164700
3140 0.150100
3160 0.157300
3180 0.156600
3200 0.163700
3220 0.154400
3240 0.151500
3260 0.162700
3280 0.156500
3300 0.155500
3320 0.146000
3340 0.163400
3360 0.162700
3380 0.154700
3400 0.150800
3420 0.154400
3440 0.148500
3460 0.154900
3480 0.157900
3500 0.151700
3520 0.153000
3540 0.148500
3560 0.146500
3580 0.152300
3600 0.141500
3620 0.150000
3640 0.139000
3660 0.155900
3680 0.149000
3700 0.142400
3720 0.143600
3740 0.150600
3760 0.150000
3780 0.150300
3800 0.144700
3820 0.148500
3840 0.151200
3860 0.148900
3880 0.145400
3900 0.155600
3920 0.152200
3940 0.156000
3960 0.149000
3980 0.150500
4000 0.148300
4020 0.149200
4040 0.140100
4060 0.147600
4080 0.149700
4100 0.146000
4120 0.152300
4140 0.141900
4160 0.141000
4180 0.150400
4200 0.150300
4220 0.144800
4240 0.140000
4260 0.147900
4280 0.145500
4300 0.146500
4320 0.152600
4340 0.150000
4360 0.141900
4380 0.149400
4400 0.135800
4420 0.150500
4440 0.150500
4460 0.151200
4480 0.142900
4500 0.148000
4520 0.151400
4540 0.146000
4560 0.148700
4580 0.148700
4600 0.152500